6.929	   -92.572   82.037     66.848   -63.005  18.933	    90.921	     -13.986    -66.127
-39.250     -51.683     42.449   -40.416
98.597	     -21.796	     58.492 -92.799 -38.953
41.510 44.070	   43.454 32.370	    -52.870  -16.157 -35.348  -29.483     -65.751
-72.850   -41.761 -30.501     64.777     -49.823  -19.432
-46.502     -15.261	  -16.319   17.604 98.751
52.811     74.195     51.303    -48.620     -11.493   46.486   -40.149	 29.786   71.422 24.667
-89.434    -77.607     78.428 13.608     -94.600    33.805    -72.543
-35.100     -24.967    -53.141     76.916     64.019
21.932    3.021 63.860     -16.153   99.870
-50.721     -94.155  -77.446   -16.524  53.114     -27.331  32.214 50.061
89.949	   46.180 37.471	    -72.011	   21.878    -48.755	 -94.251
-17.828   56.462    51.285    -27.764    -55.004  31.162  22.140	    1.265 64.304   -33.607
-78.185     44.995    30.166	     12.191	  -83.398 -67.628   92.802   50.418     -10.308
53.790   -70.999	     55.085	  15.470 -49.781
-63.228     -96.238   94.476	  28.318     39.979	     66.060	  -81.591 50.767   -41.211
-82.291  22.419     19.906     8.450 -80.892     65.040	    -2.389 67.708
17.133    37.020    7.263   -24.267
-18.790   -67.187	     -85.576     70.288  90.207	  32.536
63.661     28.563    -99.070     -47.870   -82.094    89.962  39.821    58.010	 -81.009
25.153  19.800    -15.087	    24.811 -20.916    -89.964  -37.972
-83.803   -99.801  8.527	     -25.530  -58.264    22.151   59.775     79.398	 -40.343
-61.443    15.081   -49.730  26.620     -47.164    -44.337     -56.838
-25.393	 61.529     -69.311  63.993  -3.490
85.985     -0.270     41.551	     2.665
-63.710  -45.554     -51.052    -42.099
-49.310  -79.217	     -10.746	    -91.045   88.536 -36.423     -65.353   -30.385
-14.574    -89.865   -18.837	   -69.702	     0.537    19.447 -55.278
-20.735     -84.775	    -64.420	   27.362   -11.432    -3.897     58.137    -28.283    56.351   -55.362
-10.001   -60.973     76.538	 -83.927	    8.746     -90.035  11.211	   63.192